9
Reference  0.0000000 0.1926250 1.7153571 0.2195352 0.1803871 0.1803758 0.1869275 0.3146589 0.2991795 
SRR1980975 0.1926250 0.0000000 1.1823152 0.0260374 0.0138519 0.0138508 0.0186242 0.2585345 0.2439404 
SRR1980983 1.7153571 1.1823152 0.0000000 1.2455446 1.1430987 1.1438666 1.1642479 2.0351021 1.9735200 
SRR1980990 0.2195352 0.0260374 1.2455446 0.0000000 0.0354339 0.0354310 0.0404682 0.2870330 0.2720209 
SRR2034223 0.1803871 0.0138519 1.1430987 0.0354339 0.0000000 0.0045676 0.0092130 0.2453924 0.2310308 
SRR2034226 0.1803758 0.0138508 1.1438666 0.0354310 0.0045676 0.0000000 0.0092122 0.2453801 0.2310186 
SRR2034230 0.1869275 0.0186242 1.1642479 0.0404682 0.0092130 0.0092122 0.0000000 0.2524952 0.2379928 
SRR2034235 0.3146589 0.2585345 2.0351021 0.2870330 0.2453924 0.2453801 0.2524952 0.0000000 0.1526952 
SRR2034240 0.2991795 0.2439404 1.9735200 0.2720209 0.2310308 0.2310186 0.2379928 0.1526952 0.0000000 
